Inp_Addition_Value=55||55||1||550||N
Inp_DiffBuffer_Value=50||0||1||10||N
Inp_Symbol=
Inp_volume=0.1||0.0||0.000000||0.000000||N
Inp_reset_pending=3||0||1||10||N
Inp_magicNumber=123098||0||1||10||N
Inp_volume_updated=0.0||0.0||0.000000||0.000000||N
Inp_TPAdjustments=3||0.0||0.000000||0.000000||N